32 36 70 0
36 32 70 0
32 57 30 0
57 32 30 0
32 76 80 50
76 32 80 50
32 68 110 80
68 32 110 80
76 68 72 30
68 76 72 30
68 66 51 0
66 68 51 0
68 56 80 70
56 68 80 70
66 56 40 0
56 66 40 0
76 66 130 100
66 76 130 100
56 18 35 0
18 56 35 0
56 16 30 0
16 56 30 0
36 26 34 0
26 36 34 0
24 13 35 30
13 24 35 30
36 34 25 0
34 36 25 0
32 16 100 50
16 32 100 50
32 12 100 80
12 32 100 80
26 16 45 0
16 26 45 0
26 12 30 25
12 26 30 25
26 24 25 20
24 26 25 20
16 8 25 0
8 16 25 0
34 24 27 0
24 34 27 0
24 12 33 0
32 56 80 70